Chern=-1.0000061235130602
Z2=[1, 0, 1]
Spin Distribution:
[[-0.06709412 -0.04893    -0.99654615]
 [-0.02511067 -0.16612478 -0.98578497]
 [ 0.58075623 -0.52482911 -0.62231552]
 [-0.66198464  0.19040606  0.72492887]
 [-0.21922422 -0.6308953   0.74425255]
 [ 0.81669198  0.2858388   0.50130867]
 [-0.48974887 -0.87167507 -0.01812805]
 [ 0.72145987  0.65608671  0.22146306]
 [-0.89550026 -0.12944237 -0.42582151]
 [ 0.39608001 -0.87654185 -0.27348678]
 [-0.84233417  0.52283036  0.1308494 ]
 [ 0.89337725  0.11716699 -0.43376143]
 [ 0.53814372  0.45200816  0.7114    ]
 [ 0.24765536  0.15709506  0.95602718]
 [-0.19475788 -0.3152181   0.92882017]
 [-0.08010993  0.12587684  0.98880606]
 [-0.31797009 -0.80641354  0.49859023]
 [ 0.58774956 -0.15268227 -0.79450524]
 [ 0.33414812  0.92929631 -0.15733211]
 [ 0.28130216 -0.26984741 -0.9208971 ]]
