Chern=-0.999975435161538
Z2=[1, 0, 1]
Spin Distribution:
[[-0.73882466  0.57943751 -0.34407891]
 [ 0.0236523  -0.69942852 -0.71431108]
 [ 0.16484279 -0.01616894  0.98618731]
 [-0.59879212 -0.23883351 -0.76446488]
 [ 0.02849258 -0.99189102  0.12385628]
 [-0.68839699 -0.508795    0.51694993]
 [-0.33794855 -0.10520646  0.93526594]
 [ 0.783969   -0.03409074  0.61986324]
 [-0.34877693  0.12896425 -0.9282903 ]
 [-0.23774426  0.1867018  -0.95321567]
 [-0.08390047 -0.07360801 -0.99375177]
 [ 0.3271242   0.3145456  -0.89109529]
 [ 0.05069412  0.06201112  0.9967872 ]
 [-0.03251867  0.6066157  -0.79432986]
 [-0.32612853  0.77377348 -0.54306058]
 [ 0.02339858 -0.10496717  0.99420038]
 [-0.53279065 -0.00695012  0.84621854]
 [ 0.34993229 -0.43486033 -0.82972519]
 [-0.76637813  0.19307174 -0.61268905]
 [ 0.25583268 -0.1694101  -0.95176145]]