Chern=0.9999715883525404
Z2=[1, 0, 1]
Spin Distribution:
[[-0.07622769  0.67081309  0.73769854]
 [-0.97501804  0.12885066 -0.18093457]
 [-0.16141021 -0.58749041  0.79297021]
 [ 0.0371212  -0.32084428  0.94640423]
 [-0.36952362  0.28602949  0.88410374]
 [ 0.07635413  0.27537863 -0.95829884]
 [ 0.02098175  0.1678165   0.98559494]
 [ 0.17551346 -0.67522203 -0.71642881]
 [-0.92639019 -0.09388629  0.36467325]
 [ 0.12219172 -0.52727436 -0.84086321]
 [ 0.59283573  0.70260247  0.39356775]
 [-0.15069131  0.47717358 -0.86579299]
 [ 0.72864402 -0.67951512 -0.08565682]
 [-0.00493277 -0.44600023  0.89501925]
 [ 0.29584832 -0.12536455  0.94697281]
 [-0.205935    0.97515665  0.08161061]
 [ 0.61669412  0.74103043 -0.26563558]
 [ 0.31200819 -0.05261011  0.94862167]
 [-0.74565363  0.57500804  0.33669932]
 [-0.68528279  0.39851437 -0.60956853]]