Chern=1.0000024499961064
Z2=[0, 1, 1]
Spin Distribution:
[[ 0.66410968 -0.6959463   0.27316129]
 [-0.12155865  0.9923949  -0.01938679]
 [-0.98027036 -0.1815434  -0.07817934]
 [ 0.23623339  0.10173626  0.96635579]
 [ 0.5308803  -0.17353389  0.82948906]
 [-0.41402095  0.06499829 -0.90794376]
 [-0.56081012 -0.41979583 -0.71362699]
 [-0.61716857  0.50889611 -0.60010641]
 [-0.89327033  0.10499297  0.43708649]
 [-0.24053877 -0.95227046 -0.18794166]
 [ 0.58695345  0.04518047 -0.80835906]
 [ 0.12725213  0.19347664 -0.9728174 ]
 [ 0.78409579 -0.61863113  0.04989312]
 [-0.36025321 -0.93274864 -0.01405699]
 [-0.48984086  0.73468072  0.46936146]
 [ 0.48970652  0.58127557  0.64985093]
 [ 0.27665272 -0.3910949   0.87778588]
 [-0.20677853  0.31118497 -0.92758102]
 [-0.73952226 -0.38907835 -0.54929487]
 [ 0.38337556  0.01452368  0.92347834]]