Chern=-0.9999680340057431
Z2=[0, 1, 1]
Spin Distribution:
[[ 0.00327512  0.00708003  0.99996957]
 [ 0.30607016  0.37390849 -0.87550757]
 [-0.5108502  -0.44167377 -0.73753397]
 [-0.14035149  0.51863368 -0.84339823]
 [-0.04140921 -0.01055978 -0.99908647]
 [-0.61409285 -0.36315647 -0.70071916]
 [-0.80529974  0.34980794  0.47867184]
 [ 0.72273988 -0.65714619  0.21402324]
 [ 0.85660825 -0.51376492 -0.04762256]
 [ 0.01354596  0.74039592  0.67203452]
 [ 0.1711958  -0.23072313  0.95784072]
 [ 0.52141239 -0.69748945  0.49156647]
 [ 0.23619658 -0.04835355 -0.97050147]
 [-0.85508988 -0.5131414  -0.07421057]
 [ 0.06810324  0.14357877  0.98729281]
 [-0.32075238  0.14543527 -0.93593081]
 [ 0.84222265 -0.29522267 -0.45111482]
 [ 0.11283603 -0.22195246 -0.96850665]
 [ 0.55094228 -0.0618225  -0.83225031]
 [ 0.52954945  0.57914626 -0.61981206]]