Chern=0.9999596091144696
Z2=[0, 1, 1]
Spin Distribution:
[[ 0.86049033 -0.29970079  0.41199008]
 [-0.23843347 -0.91063196  0.33748912]
 [ 0.03613283  0.02363502  0.99906747]
 [ 0.55691453 -0.29303956  0.77715766]
 [-0.04383848  0.52032319  0.85284346]
 [-0.0318762   0.30071383  0.95318157]
 [-0.46607008 -0.49758563  0.73156491]
 [-0.7675519   0.39040157 -0.50838047]
 [ 0.62770993  0.32478175 -0.70745817]
 [ 0.56573594 -0.41962852 -0.70982727]
 [ 0.1445101   0.63695416 -0.75723591]
 [-0.15507256  0.92342069  0.35106514]
 [ 0.74222109 -0.65412346 -0.14570642]
 [ 0.05160094 -0.78977754  0.61121909]
 [-0.77569149  0.08769175  0.6249903 ]
 [-0.22612085 -0.00800919  0.97406633]
 [ 0.75303925 -0.09034146  0.65174405]
 [-0.03877383 -0.37394693  0.92663924]
 [ 0.76950573 -0.52740174 -0.36015044]
 [-0.5788064  -0.51369831 -0.63332235]]