Chern=0.9999896273875457
Z2=[1, 0, 0]
Spin Distribution:
[[-0.01955063 -0.04944185  0.99858564]
 [-0.08357021 -0.49558632  0.8645289 ]
 [ 0.40383038  0.91443111 -0.02714346]
 [-0.41255119 -0.80906494 -0.41858742]
 [ 0.31343883 -0.55977539  0.76707732]
 [ 0.48127957  0.80017022 -0.35790724]
 [-0.36419713  0.92529203 -0.10580697]
 [ 0.24827323 -0.82497697  0.5077139 ]
 [-0.6900347  -0.33203461  0.6431214 ]
 [-0.43474073  0.68322434 -0.58668987]
 [-0.65124236 -0.57124973  0.49955695]
 [ 0.68909431 -0.63469374 -0.3497326 ]
 [ 0.22708648 -0.54111178 -0.80970968]
 [-0.03656632  0.85645491  0.51492513]
 [ 0.98627698 -0.15164422  0.0652821 ]
 [ 0.47992828 -0.55748086 -0.67740972]
 [-0.2249057  -0.5776068  -0.78472148]
 [-0.15413497  0.29708694  0.94232784]
 [ 0.0242824  -0.50231501 -0.86434368]
 [ 0.4572809   0.66205073  0.59378701]]