Chern=-1.0000136321790976
Z2=[0, 1, 1]
Spin Distribution:
[[ 0.68471101  0.69862444  0.2075927 ]
 [-0.24128823 -0.6922484  -0.68012657]
 [-0.82949327 -0.45526757  0.32353107]
 [-0.25663976 -0.03482094 -0.96587967]
 [ 0.50801332  0.66962776  0.5417759 ]
 [ 0.33482424 -0.3117229   0.88922526]
 [-0.4448411   0.83617913 -0.32081282]
 [-0.51548651  0.01971452  0.85667088]
 [ 0.14212831 -0.92863872  0.34268014]
 [-0.13352831 -0.44456997  0.8857357 ]
 [ 0.58454005 -0.80159076  0.12555949]
 [-0.05412248 -0.10298464 -0.9932094 ]
 [ 0.63841142 -0.61978758  0.45639261]
 [-0.0842818   0.53436339  0.84104241]
 [ 0.16867677 -0.33268912  0.9278287 ]
 [-0.94405299  0.14407597  0.29665815]
 [ 0.9425838  -0.23424962 -0.2380397 ]
 [-0.16483144 -0.20105653 -0.96561217]
 [ 0.23572664  0.07249977 -0.96911131]
 [-0.91911047 -0.29172722  0.26482291]]