Chern=0.9999691362922434
Z2=[1, 0, 1]
Spin Distribution:
[[ 0.66287493 -0.59566135 -0.45363464]
 [-0.36833662 -0.44724447  0.81504633]
 [-0.57315765  0.7854164   0.2336908 ]
 [-0.24801294  0.5930369   0.76602664]
 [-0.43904433 -0.75325548  0.489741  ]
 [ 0.3045666   0.57088084  0.76245278]
 [ 0.21884445 -0.04361712  0.97478441]
 [-0.12469325  0.40756212  0.90462407]
 [ 0.52971157 -0.33191009  0.78053914]
 [-0.3820225  -0.88168767 -0.27692177]
 [ 0.02738692 -0.11923572 -0.99248819]
 [-0.19876204 -0.05920317 -0.97825796]
 [-0.02084005 -0.04512862  0.99876379]
 [ 0.42964624  0.54246828 -0.72189492]
 [ 0.86063286 -0.49266011 -0.12882974]
 [ 0.09233735  0.23292045  0.9681022 ]
 [-0.11545673 -0.14179253 -0.98314018]
 [ 0.19240065  0.5974185   0.77850698]
 [ 0.90402435  0.29874293  0.30576566]
 [-0.97409228  0.1780586  -0.13942515]]