Chern=0.9999414734032861
Z2=[1, 0, 1]
Spin Distribution:
[[ 0.21871267 -0.56380174  0.79642474]
 [ 0.87899363  0.03840029  0.47528478]
 [ 0.52774771  0.31201345  0.79001896]
 [-0.1257423   0.21445409 -0.96860638]
 [ 0.39819225  0.69859682  0.59447911]
 [ 0.74086214  0.63157698 -0.22854715]
 [ 0.45984154  0.40896096  0.78822376]
 [ 0.71995133 -0.51096316 -0.46966661]
 [-0.95892117 -0.19295325 -0.20794043]
 [ 0.62036699  0.78264435  0.05111377]
 [ 0.00415334 -0.08530768  0.996346  ]
 [-0.5933066   0.79068341  0.15101993]
 [ 0.48623751  0.85107853  0.1980869 ]
 [ 0.07363512  0.08737748  0.99345007]
 [ 0.11817934 -0.68672497  0.71724644]
 [-0.08146879 -0.99662706 -0.00986581]
 [-0.41069096  0.34864455  0.84248437]
 [ 0.7493673  -0.28138408  0.59939273]
 [ 0.2630436   0.33068728  0.90634099]
 [ 0.21355559  0.5298479   0.82076501]]