Chern=0.9999865771420673
Z2=[0, 1, 1]
Spin Distribution:
[[ 0.53464412  0.72961098  0.42640765]
 [ 0.33291129  0.94276236 -0.01921482]
 [ 0.10414493  0.07763438 -0.99152748]
 [-0.23646759 -0.20744585  0.94923617]
 [ 0.681112   -0.53146324  0.50362016]
 [ 0.67851875 -0.18654962 -0.71050091]
 [-0.40735337  0.66040946  0.63081105]
 [ 0.1784729  -0.42651773 -0.88669614]
 [ 0.8205358   0.53898897 -0.19029419]
 [-0.86769445  0.41914678 -0.26724953]
 [-0.47628795 -0.38589577 -0.79008496]
 [-0.47931369 -0.09321339 -0.87267958]
 [ 0.86890949 -0.43994267 -0.22681876]
 [ 0.25833401 -0.24874338  0.93348287]
 [ 0.27862696  0.80357748  0.52595651]
 [ 0.34862403 -0.13714609  0.92717433]
 [ 0.2628954  -0.93891832 -0.22207747]
 [ 0.76389059  0.16548528  0.62376742]
 [-0.63514168 -0.60281326  0.48291948]
 [ 0.12667424 -0.00675484  0.99192137]]