Chern=-0.9999665428361837
Z2=[0, 1, 1]
Spin Distribution:
[[ 0.99895623  0.04486264  0.00859081]
 [ 0.23858748  0.01243231 -0.97104143]
 [ 0.6614489   0.12034527  0.74027182]
 [-0.216357   -0.70903136  0.67116628]
 [ 0.04384381  0.2692428   0.96207382]
 [-0.55300428  0.81845921 -0.15591915]
 [-0.64493715 -0.384811   -0.66028522]
 [-0.0554943  -0.94425336 -0.32450883]
 [-0.4551684  -0.31651263 -0.83225086]
 [-0.78354065  0.11855613  0.60992499]
 [-0.03435839  0.3850286   0.92226486]
 [-0.59104879  0.80600739 -0.03183407]
 [ 0.30906002  0.77946377 -0.54490194]
 [ 0.26291119 -0.95195089 -0.15705796]
 [ 0.07203975 -0.04981646 -0.99615691]
 [ 0.41665112 -0.43016065 -0.80085183]
 [ 0.08183542 -0.85709824 -0.50861141]
 [-0.16549678 -0.84686984 -0.50539321]
 [ 0.051068   -0.04577779 -0.99764545]
 [ 0.33811391 -0.25077072 -0.9070794 ]]