Chern=-0.9999665736526495
Z2=[1, 0, 1]
Spin Distribution:
[[ 0.17542768 -0.04511165 -0.98345822]
 [ 0.64720781 -0.66674965 -0.36954966]
 [ 0.09546227 -0.06513025 -0.99330006]
 [ 0.08438261  0.02970091 -0.99599068]
 [ 0.33299686 -0.2372368   0.91259618]
 [ 0.10103157 -0.10788506  0.9890164 ]
 [-0.05783572  0.20939567  0.97611909]
 [-0.01428099  0.05257853 -0.99851467]
 [ 0.5648649   0.75255983  0.33849866]
 [-0.29507022 -0.00811514 -0.95544111]
 [-0.00941392 -0.33218394  0.94316764]
 [-0.45655109  0.86971918 -0.18748238]
 [-0.15239894 -0.10648387 -0.9825659 ]
 [ 0.24391712 -0.16942969 -0.95488116]
 [-0.0116897   0.4881503  -0.87268129]
 [-0.40193657  0.57331982  0.71396875]
 [ 0.37782627 -0.38447739 -0.84227338]
 [ 0.0417584   0.99848251  0.03590149]
 [ 0.29714432  0.22338821 -0.92833343]
 [-0.72069215 -0.03545293  0.69234812]]