Chern=0.9999907714728842
Z2=[1, 0, 1]
Spin Distribution:
[[-0.39919425 -0.19354924  0.89620458]
 [-0.9335762  -0.19410751  0.30126028]
 [-0.0911075  -0.04561976 -0.99479559]
 [-0.07926609 -0.69239649 -0.71714991]
 [ 0.31468278  0.61536787  0.72270128]
 [ 0.14189177  0.22979902 -0.9628391 ]
 [ 0.84673436  0.04281518 -0.53029029]
 [ 0.23987161 -0.44029987 -0.86521537]
 [ 0.96146044 -0.11225399  0.25098378]
 [-0.25660411 -0.40540785  0.87738179]
 [ 0.00847343  0.4241034   0.90557413]
 [ 0.05306602  0.16435715 -0.98497245]
 [-0.37695316  0.21650477  0.90057315]
 [ 0.86558102 -0.49722066 -0.05950735]
 [ 0.24086155  0.81723007 -0.5235654 ]
 [ 0.01253156  0.52311796 -0.85216815]
 [ 0.1786129  -0.53469586  0.82595264]
 [ 0.69562382  0.35102645  0.62680773]
 [ 0.8059927   0.2324679   0.54436609]
 [-0.15598894  0.39496155  0.90535784]]