Chern=-0.999986189003014
Z2=[1, 0, 1]
Spin Distribution:
[[-0.46415941 -0.86663604  0.18302463]
 [-0.25022568  0.88794174 -0.38593598]
 [ 0.25610633 -0.95633077 -0.14085808]
 [ 0.28884859 -0.8088493  -0.51218093]
 [-0.36863852 -0.91126613  0.18357476]
 [ 0.15979453  0.6087512  -0.7771021 ]
 [ 0.0184936   0.58433211  0.81130387]
 [ 0.76828859  0.30284908  0.56392826]
 [ 0.58183609 -0.62711978 -0.51786827]
 [-0.49231048  0.47698498 -0.72809046]
 [ 0.81880441 -0.20369132 -0.53672077]
 [ 0.90477771  0.06715497 -0.4205562 ]
 [-0.17464182 -0.46140981  0.86982827]
 [-0.75021807 -0.16330674  0.64070567]
 [-0.7771641  -0.55963459 -0.28779349]
 [-0.74507532 -0.66399689  0.06301496]
 [-0.19939036 -0.63083255 -0.7498625 ]
 [ 0.34095018 -0.10930678  0.93370499]
 [ 0.77573963 -0.01867284 -0.63077679]
 [-0.7348973  -0.54212408 -0.40746466]]